Sr.No.	Atoms		EN	IP	EA	Radius(r)	Valancey	HOMO(h)	LOMO(l)	en^2	(en)^1/2	en^3	ln(1+en)	ip^2	(ip)^1/2	ip^3	ln(1+ip)	r^2	r^(1/2)	r^3	ln(1+r)	v^2	(v)^(1/2)	(v)^3	ln(1+v)
	M and M' atoms features																								
1	Sc		1.36	633.1	18.1	1.84	3			1.8496	1.166190379	2.515456	0.858661619	400815.61	25.16147849	253756362.7	6.452206671	3.3856	1.356465997	6.229504	1.043804052	9	1.732050808	27	1.386294361
2	Ti		1.54	658.8	7.6	1.76	4			2.3716	1.240967365	3.652264	0.932164081	434017.44	25.66709956	285930689.5	6.491936759	3.0976	1.326649916	5.451776	1.01523068	16	2	64	1.609437912
3	Zr		1.33	640.1	41.1	2.06	4			1.7689	1.153256259	2.352637	0.845868268	409728.01	25.30019763	262266899.2	6.463185451	4.2436	1.435270009	8.741816	1.118414916	16	2	64	1.609437912
4	Hf		1.3	658.5	0	2.08	4			1.69	1.140175425	2.197	0.832909123	433622.25	25.66125484	285540251.6	6.491481972	4.3264	1.44222051	8.998912	1.124929597	16	2	64	1.609437912
5	Cr		1.66	652.9	64.3	1.66	6			2.7556	1.288409873	4.574296	0.978326123	426278.41	25.55190795	278317173.9	6.482954435	2.7556	1.288409873	4.574296	0.978326123	36	2.449489743	216	1.945910149
6	Mo		2.16	684.3	71.9	1.9	6			4.6656	1.469693846	10.077696	1.150572028	468266.49	26.15912843	320434759.1	6.529856699	3.61	1.378404875	6.859	1.064710737	36	2.449489743	216	1.945910149
7	W		2.36	770	78.6	1.93	6			5.5696	1.53622915	13.144256	1.211940974	592900	27.74887385	456533000	6.647688374	3.7249	1.389244399	7.189057	1.075002423	36	2.449489743	216	1.945910149
8	Ni		1.91	737.1	112	1.49	4			3.6481	1.382027496	6.967871	1.068153081	543316.41	27.14958563	400478525.8	6.604079317	2.2201	1.220655562	3.307949	0.91228271	16	2	64	1.609437912
9	Pd		2.2	804.4	53.7	1.69	4			4.84	1.483239697	10.648	1.16315081	647059.36	28.36194634	520494549.2	6.691339048	2.8561	1.3	4.826809	0.989541194	16	2	64	1.609437912
10	Pt		2.28	870	205.3	1.77	6			5.1984	1.509966887	11.852352	1.187843422	756900	29.49576241	658503000	6.769641977	3.1329	1.33041347	5.545233	1.01884732	36	2.449489743	216	1.945910149
11	Ge		2.01	762	119	1.25	4			4.0401	1.417744688	8.120601	1.101940079	580644	27.60434748	442450728	6.637258031	1.5625	1.118033989	1.953125	0.810930216	16	2	64	1.609437912
12	Sn		1.96	708.6	107.3	1.45	4			3.8416	1.4	7.529536	1.085189268	502113.96	26.61954169	355797952.1	6.564701431	2.1025	1.204159458	3.048625	0.896088025	16	2	64	1.609437912
13	Pb		2.33	715.6	35.1	1.54	4			5.4289	1.526433752	12.649337	1.202972304	512083.36	26.75070093	366446852.4	6.574517805	2.3716	1.240967365	3.652264	0.932164081	16	2	64	1.609437912
14	Si		1.9	786.5	133.6	1.11	4			3.61	1.378404875	6.859	1.064710737	618582.25	28.04460732	486514939.6	6.668863371	1.2321	1.053565375	1.367631	0.746687947	16	2	64	1.609437912
X atom Features																									
15	O		3.44	1313.9	141	0.48	2			11.8336	1.854723699	40.707584	1.490654376	1726333.21	36.24775855	2268229205	7.181515896	0.2304	0.692820323	0.110592	0.392042088	4	1.414213562	8	1.098612289
16	S		2.58	999.6	200	0.88	6			6.6564	1.60623784	17.173512	1.2753628	999200.16	31.61645141	998800479.9	6.908355099	0.7744	0.938083152	0.681472	0.631271777	36	2.449489743	216	1.945910149
17	Se		2.55	941	195	1.03	6			6.5025	1.596871942	16.581375	1.266947603	885481	30.6757233	833237621	6.848005275	1.0609	1.014889157	1.092727	0.708035793	36	2.449489743	216	1.945910149
18	Te		2.1	869.3	190.2	1.23	6			4.41	1.449137675	9.261	1.131402111	755682.49	29.48389391	656914788.6	6.76883798	1.5129	1.109053651	1.860867	0.802001585	36	2.449489743	216	1.945910149
